+---------------------------+-----------------------+------------------------+
| Number of multiplications |    GF_product_t ET    |    GF_product_p ET     |
+---------------------------+-----------------------+------------------------+
|             1             | 0.0009045183658599853 | 4.072666168212891e-06  |
|             50            | 0.0009177675247192383 | 0.00014214801788330078 |
|            100            |  0.000932584285736084 | 0.0003140890598297119  |
|            150            | 0.0009459257125854492 | 0.00044391536712646483 |
|            200            | 0.0009617063999176025 | 0.0006289365291595459  |
|            250            | 0.0009729988574981689 | 0.0007691230773925782  |
|            300            | 0.0009891390800476074 | 0.0009169232845306397  |
|            350            | 0.0010030102729797364 | 0.0010835723876953126  |
|            400            | 0.0010149860382080078 | 0.0012514736652374267  |
|            450            |  0.001029315710067749 | 0.0013400373458862306  |
|            500            | 0.0010417704582214356 | 0.0015017306804656983  |
|            550            | 0.0010573773384094237 | 0.0016995503902435302  |
|            600            | 0.0010901319980621338 | 0.0019950714111328124  |
|            650            | 0.0011322062015533447 |  0.002306516408920288  |
|            700            | 0.0011384332180023192 | 0.0024517621994018554  |
|            750            | 0.0011419267654418945 | 0.0025594089031219483  |
|            800            | 0.0011575374603271485 | 0.0026614277362823485  |
|            850            | 0.0011584362983703613 | 0.0027124316692352297  |
|            900            | 0.0011810057163238526 |  0.002920604467391968  |
|            950            |  0.001190058708190918 | 0.0030504372119903563  |
|            1000           | 0.0012451467514038085 |  0.003593623399734497  |
+---------------------------+-----------------------+------------------------+